#        weight    minuslogpost              H0           ombh2           omch2              k1              k2              k3            z_t1            z_t2         Omega_m       Omega_bh0           rdrag       chi2__BAO        chi2__SN   minuslogprior minuslogprior__0            chi2 chi2__sn.pantheonplus chi2__bao.desi_2024_bao_all
              3       775.56629       65.334534     0.021945118       0.1212178      0.25349964       2.9518523       3.7466046       3.5106809      0.97517095      0.33538602      0.66451613       150.68078       108.22667       1424.5678       9.1690456        9.1690456       1532.7945             1424.5678                   108.22667
              1        758.0921       65.709526     0.021707816       0.1212994      0.30045715       3.0775837       3.6206626        3.599861      0.95454692      0.33120836       0.6686949       150.93746       71.789003       1426.0571       9.1690456        9.1690456       1497.8461             1426.0571                   71.789003
              2       753.56003       66.121853     0.021734303      0.12056913      0.33636774       3.1480787       3.6356471       3.4516644      0.74596731      0.32548077       0.6744237       151.10808       63.027141       1425.7548       9.1690456        9.1690456        1488.782             1425.7548                   63.027141
              1       743.38026       66.771829     0.021603372      0.11986215       0.2852905       3.0373012       3.5922588       3.5024102      0.69631517      0.31729561       0.6826107        151.4599       42.112107       1426.3103       9.1690456        9.1690456       1468.4224             1426.3103                   42.112107
              2        740.6228       67.128555     0.021938704      0.12052071      0.23058157       2.9588809       3.5497048       3.1637225      0.66228932      0.31613789      0.68376942       150.88049       36.148284       1426.7592       9.1690456        9.1690456       1462.9075             1426.7592                   36.148284
              1       735.87178       68.348548     0.021484952       0.1204891       0.3305519       2.8027184       3.6450547       3.1386968      0.61623262      0.30391377      0.69599682       151.42612       25.489296       1427.9162       9.1690456        9.1690456       1453.4055             1427.9162                   25.489296
              2       736.56373       69.319083     0.021152862      0.12148856      0.27957544       2.9997682       3.7567098       3.0700063      0.71968964      0.29685204      0.70306104        151.5447       22.929159       1431.8602       9.1690456        9.1690456       1454.7894             1431.8602                   22.929159
              6       733.75187       69.986071     0.021125957      0.12245701      0.30631285       3.0171693       3.6473282       3.1028993      0.67388487       0.2931431      0.70677162       151.30863       18.423993       1430.7417       9.1690456        9.1690456       1449.1656             1430.7417                   18.423993
              4        731.8014         69.2761     0.021308861      0.12351202      0.31712141       2.9990687       3.5446275       3.1177546       0.8166495      0.30176185      0.69815112       150.80128       17.629389       1427.6353       9.1690456        9.1690456       1445.2647             1427.6353                   17.629389
              4       731.92872       69.140607     0.021224685      0.12368995      0.32864773       2.9575314       3.5217617       3.0451547       0.7937119      0.30314182       0.6967708       150.85235       18.030525       1427.4888       9.1690456        9.1690456       1445.5193             1427.4888                   18.030525
              1       731.82372       69.301715     0.021225518      0.12366089      0.33819407       2.9812314       3.5133771       3.0736195       0.8114083      0.30167525      0.69823778       150.85931       17.674269       1427.6351       9.1690456        9.1690456       1445.3093             1427.6351                   17.674269
              2       731.83198       69.274033     0.021210749      0.12363178      0.32950422        2.981492       3.5082549       3.0775726      0.80908092      0.30182496        0.698088       150.88479       17.698876        1427.627       9.1690456        9.1690456       1445.3259              1427.627                   17.698876
              3       731.74471       69.219876     0.021002336      0.12402159      0.32577092       3.1400506       3.4967701       2.9672139      0.78323619      0.30267603       0.6972368       151.02591        17.58199       1427.5693       9.1690456        9.1690456       1445.1513             1427.5693                    17.58199
              1        731.6847       68.880212      0.02101919      0.12388977      0.34766815        3.107043       3.5004944       2.9393852      0.78675936      0.30542619      0.69448577       151.04192       17.675598       1427.3557       9.1690456        9.1690456       1445.0313             1427.3557                   17.675598
              5       733.19016       67.744554      0.02076055      0.12531943      0.40773815       3.2472404       3.4216277       2.8657125       0.8058589      0.31830389       0.6816051       150.95993       19.229776       1428.8124       9.1690456        9.1690456       1448.0422             1428.8124                   19.229776
              2       734.28671       67.564822     0.020689511      0.12573778      0.35690723       3.1770437       3.3557748       2.8972381      0.80377139      0.32076041      0.67914809       150.93093       19.253575       1430.9818       9.1690456        9.1690456       1450.2353             1430.9818                   19.253575
              3       734.84458       67.340617     0.020711031      0.12577969      0.35196755       3.1507183       3.3587702       2.8990805      0.83129396      0.32303973      0.67686816       150.89383       20.030354       1431.3207       9.1690456        9.1690456       1451.3511             1431.3207                   20.030354
              1       734.79655       67.351053      0.02070797      0.12576445      0.35256715       3.1498239       3.3600653       2.8975853      0.83185338      0.32289927      0.67700865       150.90162       20.004183       1431.2508       9.1690456        9.1690456        1451.255             1431.2508                   20.004183
              2       734.41874       67.990076     0.020687778      0.12622441      0.35798523       3.0663612       3.3489436       2.9300082      0.79884071      0.31780944      0.68210021       150.80087       19.798354        1430.701       9.1690456        9.1690456       1450.4994              1430.701                   19.798354
              1       734.15195       68.230476     0.020762615      0.12631996      0.31898393       3.0723981       3.3541945       2.9095161      0.81004258      0.31593986      0.68397042       150.68581        19.71786       1430.2479       9.1690456        9.1690456       1449.9658             1430.2479                    19.71786
              1       734.28899       68.235676     0.020730905       0.1263463      0.32245629        3.069438       3.3503335       2.9115096      0.81002293      0.31588019       0.6840301       150.71644       19.893053       1430.3468       9.1690456        9.1690456       1450.2399             1430.3468                   19.893053
              2       734.49913       68.240968     0.020722036      0.12646115      0.31249989       3.0591213       3.3463608       2.8747618      0.80125334      0.31605877      0.68385153       150.69592       20.166546       1430.4936       9.1690456        9.1690456       1450.6602             1430.4936                   20.166546
              1       735.96339        67.32064     0.020832425      0.12690916      0.36718986       2.9363736       3.4120648       2.8848914      0.85206634      0.32599151      0.67391633       150.44385       23.331801       1430.2569       9.1690456        9.1690456       1453.5887             1430.2569                   23.331801
              1       734.33006       67.816259     0.020695269      0.12612407      0.31915961       2.8689565       3.5050619       2.8965719      0.81041984      0.31923874      0.68067044       150.81914       23.004108       1427.3179       9.1690456        9.1690456        1450.322             1427.3179                   23.004108
              1       735.10023        67.59717      0.02063015       0.1260659      0.32305767       2.8970105       3.5315299       2.8811484      0.82400936      0.32104166      0.67886693       150.91271       24.892453       1426.9699       9.1690456        9.1690456       1451.8624             1426.9699                   24.892453
              1       732.48918       68.802679     0.020692614        0.126027      0.44845137       2.9024204       3.5698234       2.8294824      0.86959529      0.30993989      0.68997188       150.84864       19.936498       1426.7038       9.1690456        9.1690456       1446.6403             1426.7038                   19.936498
              3        731.9962       68.680255     0.020681583      0.12508551      0.43287917       2.8706369       3.5079772       2.7986224      0.95919857      0.30902648      0.69088497       151.11819       18.599697       1427.0546       9.1690456        9.1690456       1445.6543             1427.0546                   18.599697
              8       732.32255       68.742239     0.021026771      0.12619692      0.44726541        2.758416       3.4828256        2.956029       1.0196788      0.31155187      0.68835974       150.40576       19.048546       1427.2585       9.1690456        9.1690456        1446.307             1427.2585                   19.048546
              1       732.81922       69.285518     0.021054101       0.1274577       0.3110271       2.7899568       3.6359205       3.0747319       1.0596499      0.30936846      0.69054453       150.03493       20.605173       1426.6952       9.1690456        9.1690456       1447.3004             1426.6952                   20.605173
              3       732.61653       68.890748      0.02095997      0.12727593      0.30160739       2.8331952       3.5897322       3.1290517       1.1271619      0.31234286      0.68756913       150.19447       20.515076       1426.3799       9.1690456        9.1690456        1446.895             1426.3799                   20.515076
              1       732.96566       69.834142     0.020681166      0.12762259      0.29179271       2.8986189       3.5266964       3.1313897       1.0601898      0.30410008      0.69581427       150.43144        20.31257       1427.2807       9.1690456        9.1690456       1447.5932             1427.2807                    20.31257
              3       732.87833       69.830569     0.020569413      0.12739414       0.4457204       2.8449627       3.5773555       3.3102078      0.98314113      0.30343355      0.69648079       150.62588       20.014167       1427.4044       9.1690456        9.1690456       1447.4186             1427.4044                   20.014167
              1       733.13268       69.733862     0.020688864      0.12730488      0.48848221       2.7970263         3.53497       3.3173231      0.92655728      0.30433781       0.6955763       150.50773       20.660589       1427.2667       9.1690456        9.1690456       1447.9273             1427.2667                   20.660589
              1       733.45928       69.790502     0.020713288      0.12895139       0.4641411       2.7656079       3.6211305       3.3122889      0.84839092       0.3072746      0.69263964        150.0381        21.53245        1427.048       9.1690456        9.1690456       1448.5805              1427.048                    21.53245
              4       733.52201       69.088521      0.02066047      0.12917474      0.53177077       2.9195545       3.6188542       3.5026671      0.79081054      0.31390778      0.68600471       150.04108       22.398247       1426.3077       9.1690456        9.1690456       1448.7059             1426.3077                   22.398247
              1       733.06105       69.559868     0.020490721      0.12842915      0.38238982       2.8978952       3.6063593       3.5675532      0.85438715      0.30777628      0.69213739        150.4415       20.862292       1426.9217       9.1690456        9.1690456        1447.784             1426.9217                   20.862292
              1       733.22896       69.411252     0.020425277      0.12845808      0.37899644       2.9060947       3.5608457       3.5536116      0.84948738      0.30901987      0.69089343       150.51174       21.297829        1426.822       9.1690456        9.1690456       1448.1198              1426.822                   21.297829
              3       733.23262        69.26941     0.020326758      0.12883919      0.33448682       2.9271247       3.6044746       3.5181811      0.82278882      0.31087566      0.68903729       150.52718       21.546056       1426.5811       9.1690456        9.1690456       1448.1272             1426.5811                   21.546056
              2       733.50536       68.763356     0.020229736      0.12935541      0.34357998        2.724389       3.6208052       3.4118253       0.9561162      0.31635473      0.68355693       150.50496       22.675548       1425.9971       9.1690456        9.1690456       1448.6726             1425.9971                   22.675548
              1       732.71022       69.593044     0.020605904      0.12744928      0.29258406       2.7661266       3.6152134       3.1459212      0.94734039      0.30569754      0.69421622       150.56755       19.877473       1427.2049       9.1690456        9.1690456       1447.0823             1427.2049                   19.877473
              2       732.35184       69.565929     0.020581504      0.12570534      0.28444534       2.8749995       3.5898786       3.0588356      0.96013467      0.30228186      0.69763183       151.06903       18.713882       1427.6517       9.1690456        9.1690456       1446.3656             1427.6517                   18.713882
              1       732.36042       69.485087     0.020579333      0.12545022      0.28478457       2.8473343       3.5992669       3.0701633      0.94155013      0.30245275      0.69746073        151.1412       18.702052       1427.6807       9.1690456        9.1690456       1446.3828             1427.6807                   18.702052
              2       732.66053       69.603346     0.020459828      0.12551062      0.28000966       2.8457116       3.6169088       3.0530802      0.93049378      0.30130388      0.69860991       151.26832       18.943493       1428.0395       9.1690456        9.1690456        1446.983             1428.0395                   18.943493
              2       732.55413       68.776522     0.020386086      0.12562838      0.27589417       2.8628568       3.6138008       3.0564535      0.92614164      0.30868495      0.69122675       151.32497       20.000115       1426.7701       9.1690456        9.1690456       1446.7702             1426.7701                   20.000115
              2       732.48735       69.007789     0.020343236      0.12565747      0.24909605       2.9096465       3.5743924       3.1136132      0.85743614      0.30659051      0.69332178       151.36871       19.602302       1427.0343       9.1690456        9.1690456       1446.6366             1427.0343                   19.602302
              1       732.74576       69.475976     0.020417145      0.12551901      0.24041231       2.9474035       3.5957458       3.1192287       0.8447457      0.30233859      0.69757488       151.31744        19.42347         1427.73       9.1690456        9.1690456       1447.1534               1427.73                    19.42347
              5        732.9926        69.60863     0.020182916      0.12702575      0.41121905       3.0347838       3.6658526       3.2095217      0.87874202       0.3038136       0.6961002       151.18918       19.659783       1427.9873       9.1690456        9.1690456       1447.6471             1427.9873                   19.659783
              5       732.98132       69.479439     0.020124821       0.1268862      0.40456077       3.0555189       3.6866344       3.1864575      0.89972198      0.30453504      0.69537843       151.29733       19.585624       1428.0389       9.1690456        9.1690456       1447.6245             1428.0389                   19.585624
              4       732.87941       69.446501     0.020164199      0.12658903      0.36439745       2.9981826       3.5503837       3.2267637      0.95935069      0.30428947      0.69562392       151.33065       20.167728        1427.253       9.1690456        9.1690456       1447.4207              1427.253                   20.167728
              1       732.49782       69.469438     0.020379924      0.12647041      0.35069644       3.0205864       3.5881247       3.1728446      0.88532107      0.30428979      0.69562366        151.1028       19.311305       1427.3462       9.1690456        9.1690456       1446.6575             1427.3462                   19.311305
              2       732.27799        68.96896     0.020475679      0.12658334      0.36731895       2.9607512       3.5990944       3.1233411      0.93342813      0.30916073      0.69075146       150.95717       19.522247       1426.6956       9.1690456        9.1690456       1446.2179             1426.6956                   19.522247
              2       734.20231       68.215808     0.020335403      0.12730022      0.38250177       2.8299053       3.5785814        3.188989      0.77350941      0.31726421      0.68264603        150.9312       23.663214       1426.4033       9.1690456        9.1690456       1450.0665             1426.4033                   23.663214
              2       734.29783       68.476972     0.020381843       0.1289339      0.41256674       2.8763623       3.6103753       3.1865307      0.78967319      0.31843186      0.68147906       150.43608       24.166866       1426.0907       9.1690456        9.1690456       1450.2576             1426.0907                   24.166866
              1       734.70555       69.019924      0.02014416      0.12877113      0.58815417       2.8910514       3.5148946         3.04903      0.74042514      0.31260097      0.68731134       150.76415       23.983718       1427.0893       9.1690456        9.1690456        1451.073             1427.0893                   23.983718
              1       734.57109       67.922961     0.019937865      0.12921797      0.53677641       2.9882905       3.5334314       2.9162929      0.79327208      0.32330099      0.67660848       150.89235       23.713349       1427.0907       9.1690456        9.1690456       1450.8041             1427.0907                   23.713349
              1       734.53704       68.277427     0.019853451        0.129436      0.67938307       2.9795512       3.5077297       2.8348155       0.7708903      0.32023944      0.67967096       150.93566       23.385401       1427.3506       9.1690456        9.1690456        1450.736             1427.3506                   23.385401
              6       735.43996       67.451557     0.020025016      0.12848967      0.71511216       2.9301747       3.4815634       2.8127633      0.83326887      0.32642653      0.67348166       150.98335       24.075302       1428.4665       9.1690456        9.1690456       1452.5418             1428.4665                   24.075302
              3       735.48406       67.434736     0.020036707       0.1284457      0.71425386       2.9276213       3.4825561       2.8102396      0.83255146      0.32651842      0.67338973       150.98111       24.173664       1428.4564       9.1690456        9.1690456         1452.63             1428.4564                   24.173664
              1       735.51423       67.437255     0.020044052      0.12845634      0.71536493         2.92707       3.4773022       2.8112735      0.82846617      0.32653357      0.67337458       150.96938       24.099616       1428.5908       9.1690456        9.1690456       1452.6904             1428.5908                   24.099616
              1       737.97361       66.756596     0.020024634      0.12839617      0.69038007       2.9722919       3.4705202       2.8204698        0.816975      0.33304768      0.66685859       151.00904       27.725056       1429.8841       9.1690456        9.1690456       1457.6091             1429.8841                   27.725056
              1       735.57657       67.162267     0.019487598      0.12691794       0.7584491       3.0113374       3.4362801       2.7294245      0.70792744      0.32456883      0.67533858       152.06645       23.369773       1429.4453       9.1690456        9.1690456       1452.8151             1429.4453                   23.369773
              1       734.92278       66.980615     0.019941289      0.12555509       1.1281868       3.2331212       3.3552533       2.7629915      0.94528038      0.32430521      0.67560169       151.88488       19.847074       1431.6604       9.1690456        9.1690456       1451.5075             1431.6604                   19.847074
              4       734.64854       67.526929     0.020018034      0.12551601       1.0675113       3.2953259       3.3252739       2.7134472      0.96408389      0.31916158      0.68074682       151.80199       19.346549       1431.6124       9.1690456        9.1690456        1450.959             1431.6124                   19.346549
              1       735.07261       67.942816     0.020038637      0.12509759       1.1099069       3.3145154         3.30867        2.711635      0.94189874       0.3144045      0.68550502       151.89214       20.532315       1431.2748       9.1690456        9.1690456       1451.8071             1431.2748                   20.532315
              2       732.16404       67.715323     0.020312556      0.12411281       1.0733815       3.3397883       3.4630914       2.4006146       0.9751452      0.31497028      0.68493863       151.83066       18.327419       1427.6626       9.1690456        9.1690456         1445.99             1427.6626                   18.327419
              1       732.28775       67.906642     0.019806299      0.12448039       1.1315213       3.4005496       3.4283518       2.3306212       1.0848215      0.31289726      0.68701216       152.34777       18.083931       1428.1535       9.1690456        9.1690456       1446.2374             1428.1535                   18.083931
              1       732.79896       67.320133      0.01967611       0.1242429       1.1513201       3.3692871       3.4160711       2.3126206       1.0276869      0.31756178      0.68234605       152.57452       18.440577       1428.8192       9.1690456        9.1690456       1447.2598             1428.8192                   18.440577
              2       732.53785        67.45069     0.020146659       0.1236874        1.439177       3.2893227       3.4370946       2.3392633      0.85888329      0.31614691      0.68376128       152.15074       18.495416       1428.2422       9.1690456        9.1690456       1446.7376             1428.2422                   18.495416
              4       733.01947       67.195663     0.020105658      0.12348518       1.4357325       3.2979514       3.4099068       2.3553562      0.84005873      0.31801253      0.68189496       152.25718       18.664662       1429.0362       9.1690456        9.1690456       1447.7008             1429.0362                   18.664662
              2       734.22842        66.90024     0.020338328      0.12207812       1.3548392       3.3122856       3.4741434       2.2346828      0.80036072      0.31820338      0.68170329        152.3656         22.4168       1427.7019       9.1690456        9.1690456       1450.1187             1427.7019                     22.4168
              4       733.12315       67.703601     0.020009595      0.12254314       1.4805035       3.1753423       3.5875303        2.313641      0.64411179      0.31099401      0.68891487       152.63861        21.25528       1426.6529       9.1690456        9.1690456       1447.9082             1426.6529                    21.25528
              4       733.24634        67.65727     0.019956752      0.12254938        1.472939       3.1927446       3.5965768       2.3361266         0.65086      0.31131828      0.68859047       152.70201        21.55618       1426.5984       9.1690456        9.1690456       1448.1546             1426.5984                    21.55618
              2       732.11844       67.342825     0.019885719       0.1190784       1.4376581       3.2363492       3.3392987       2.3995588      0.98198445      0.30642206      0.69348584       153.77767       16.440126       1429.4587       9.1690456        9.1690456       1445.8988             1429.4587                   16.440126
              1       731.96651       68.142337     0.019887146      0.11970266       1.0270812       3.3844074        3.395139       2.3729969       1.0402795      0.30062123      0.69928882       153.59648        17.24947       1428.3455       9.1690456        9.1690456       1445.5949             1428.3455                    17.24947
              2       732.68243       66.742252     0.019970077      0.11993799      0.96258809       3.3024062       3.3395595       2.3733408       1.0143059      0.31408055      0.68582568       153.42568       16.706924       1430.3198       9.1690456        9.1690456       1447.0268             1430.3198                   16.706924
              1       732.78065       66.863287     0.020067486      0.11971492      0.95923158       3.3252309       3.3078389       2.3675953      0.96748502      0.31266342      0.68724315       153.36831       16.207498       1431.0157       9.1690456        9.1690456       1447.2232             1431.0157                   16.207498
              1       732.69662       66.870134      0.02006483      0.11966412      0.95722431       3.3220167       3.3120013       2.3731169      0.96454776      0.31247986      0.68742673       153.38614       16.190074       1430.8651       9.1690456        9.1690456       1447.0552             1430.8651                   16.190074
              1       732.82562       66.677926     0.019947869      0.11952433       0.9572375       3.3407084       3.3149867       2.3564042      0.94834188      0.31370648      0.68619957       153.57182       16.344916       1430.9682       9.1690456        9.1690456       1447.3132             1430.9682                   16.344916
              3       733.08493       66.391168     0.019978379      0.11875957       1.0900926       3.3445172       3.3060892       2.4166399      0.76874733      0.31475645      0.68514878       153.75362       16.426788        1431.405       9.1690456        9.1690456       1447.8318              1431.405                   16.426788
              2       734.10819        65.91705      0.01967328      0.11905276       1.0983991       3.3630804       3.3197038       2.4078113      0.76097654       0.3192732      0.68063067       154.05185       18.074037       1431.8043       9.1690456        9.1690456       1449.8783             1431.8043                   18.074037
              3       732.11971         66.8055      0.01959867      0.11876818        1.082867       3.4092582        3.328582       2.2717162      0.70090398      0.31003279      0.68987362       154.22838        15.85612       1430.0452       9.1690456        9.1690456       1445.9013             1430.0452                    15.85612
              1       731.75309       66.919508     0.019472076      0.11717179       1.0338255        3.361798       3.3368926       2.3451418      0.82951253      0.30512982      0.69477691       154.85503       15.761226       1429.4069       9.1690456        9.1690456       1445.1681             1429.4069                   15.761226
              1       731.43929       67.247977     0.019486094      0.11708878       1.0373451       3.3823581       3.3678569       2.3272782      0.83495744      0.30200376      0.69790387       154.86153        15.83447        1428.706       9.1690456        9.1690456       1444.5405              1428.706                    15.83447
              1       731.92556       67.784864     0.019950594      0.11791347       1.1885586       3.2230627       3.3584254        2.306906      0.99448556      0.30004447      0.69986463       154.03306       16.704907       1428.8081       9.1690456        9.1690456        1445.513             1428.8081                   16.704907
              1       731.45454       67.978238     0.019931376      0.11752986       1.2636373       3.1736338       3.4123516       2.3831487      0.90642811      0.29746813      0.70244148       154.16862       16.264399       1428.3066       9.1690456        9.1690456        1444.571             1428.3066                   16.264399
              1       730.83165       67.879863     0.020059305      0.11837444       1.2310937       3.2507842       3.4678354       2.5302207      0.95463693      0.30044159      0.69946776        153.7636       15.524681       1427.8005       9.1690456        9.1690456       1443.3252             1427.8005                   15.524681
              1       730.86004       67.730229     0.020051849      0.11834098       1.2428424       3.2579501       3.4741341       2.5266503      0.95975022      0.30168137      0.69822757       153.78257       15.704981        1427.677       9.1690456        9.1690456        1443.382              1427.677                   15.704981
              2       730.81572       67.832589      0.02004282      0.11830338       1.2569379       3.2720314       3.4549769       2.5327476      0.96151612      0.30067024      0.69923898       153.80471       15.448868       1427.8445       9.1690456        9.1690456       1443.2933             1427.8445                   15.448868
              1       731.55437       68.667998     0.020126494      0.11676237        1.222344       3.2830561       3.5032855       2.6132633       1.1444434      0.29030822       0.7096032       154.14718       15.411851       1429.3588       9.1690456        9.1690456       1444.7706             1429.3588                   15.411851
              2       731.67271       68.711339     0.020113177      0.11673436       1.2215507       3.2821284       3.5014784       2.6056447       1.1445176      0.28985456      0.71005696       154.17204       15.568181       1429.4391       9.1690456        9.1690456       1445.0073             1429.4391                   15.568181
              1       731.11855       68.317396     0.020059007      0.11661053       1.2446591       3.2186539       3.4941414         2.60557       1.1649964      0.29282565      0.70708486        154.2762       15.100547       1428.7985       9.1690456        9.1690456        1443.899             1428.7985                   15.100547
              2       731.03108       68.198621     0.020061398      0.11669156       1.2549155        3.231121       3.5117398       2.5887654       1.1810631      0.29402588      0.70588432       154.24953       15.037841       1428.6862       9.1690456        9.1690456       1443.7241             1428.6862                   15.037841
              1       732.42119       68.921901     0.019863639      0.11741606       1.2729339       3.1925843       3.5774334       2.6289997       1.1897871      0.28899599      0.71091608       154.28702       15.836584       1430.6677       9.1690456        9.1690456       1446.5043             1430.6677                   15.836584
              1       731.41204       68.359549     0.019664605      0.11813613       1.1163004       3.2052424       3.5293579       2.6360955       1.2654336      0.29488532       0.7050253       154.32859       15.842241       1428.6438       9.1690456        9.1690456        1444.486             1428.6438                   15.842241
              1       731.45489         68.2593     0.019647306      0.11818878       1.1181729       3.2146143       3.4825563       2.6446975       1.2778506      0.29582799      0.70408237       154.33515       16.285178       1428.2865       9.1690456        9.1690456       1444.5717             1428.2865                   16.285178
              2       731.06712       67.687471     0.019469227      0.11663281       1.0826097       3.3386886       3.4423993        2.504937       1.1272655      0.29706265      0.70284618        155.0173       15.614261       1428.1819       9.1690456        9.1690456       1443.7962             1428.1819                   15.614261
              1       732.52222       68.228143     0.019554649      0.11515358       1.1558324       3.3125514       3.4241271       2.6227483       1.1050576        0.289379      0.71053127       155.34606       17.619023       1429.0873       9.1690456        9.1690456       1446.7064             1429.0873                   17.619023
              1       733.04011       66.081073     0.019954651      0.11477747       1.2146549        3.178372       3.4137893       2.5725356       1.0978041      0.30854391      0.69136044       154.94746       19.564857       1428.1773       9.1690456        9.1690456       1447.7421             1428.1773                   19.564857
              1       730.49054       67.785806     0.020859907      0.11485933       1.4366691       3.3766288       3.3836468       2.3569002       1.2247556      0.29536829       0.7045408       153.78944       14.017707       1428.6253       9.1690456        9.1690456        1442.643             1428.6253                   14.017707
              1       731.05628       68.264663     0.020931038      0.11469268       1.3828382       3.3202068       3.3480733       2.3230849       1.2215403        0.291034      0.70887637       153.75023       14.652065       1429.1224       9.1690456        9.1690456       1443.7745             1429.1224                   14.652065
              3       731.13498       68.248312      0.02079217      0.11436258       1.4005885       3.3017363       3.3576367        2.291331        1.282027      0.29016664      0.70974368       154.01875       14.814314       1429.1176       9.1690456        9.1690456       1443.9319             1429.1176                   14.814314
              2       730.59525       68.120937     0.020830504      0.11581865       1.4255488       3.1954045       3.4304052       2.3913133        1.282003      0.29447316      0.70543683       153.54643       14.392118       1428.4603       9.1690456        9.1690456       1442.8524             1428.4603                   14.392118
              4       730.67033        68.03221     0.020961573      0.11527322       1.4669786       3.1587703       3.4334119       2.4125204       1.2009291       0.2943465      0.70556325        153.5434       14.539603        1428.463       9.1690456        9.1690456       1443.0026              1428.463                   14.539603
              1       730.80388       68.234522     0.020755186      0.11439558       1.5196319       3.0697791       3.4146587       2.5023671       1.2157962      0.29027538       0.7096349       154.05499       14.323645        1428.946       9.1690456        9.1690456       1443.2697              1428.946                   14.323645
              5       730.75507       68.187534     0.020757066      0.11434736       1.5137865       3.0693382       3.4177338        2.502899       1.2153498      0.29057591      0.70933426       154.06681       14.263245       1428.9088       9.1690456        9.1690456       1443.1721             1428.9088                   14.263245
              3       732.42531       66.307795     0.020401662      0.11158754       1.8273013       3.5608667       3.3975985       2.4781102       1.2500137      0.30019899      0.69970601       155.33329       18.181093       1428.3314       9.1690456        9.1690456       1446.5125             1428.3314                   18.181093
              2       731.52012       67.496327     0.020863458      0.11348021       1.8134775       3.4461398       3.4583692       2.6456757       1.2955689      0.29488787      0.70502044       154.18977       16.308357       1428.3938       9.1690456        9.1690456       1444.7021             1428.3938                   16.308357
              1        731.5326       67.282892     0.020753979      0.11349391        1.881707       3.3775407       3.4459874        2.641961       1.3469964      0.29655016      0.70335757       154.32196       16.504544       1428.2226       9.1690456        9.1690456       1444.7271             1428.2226                   16.504544
              1       730.50559       67.760584     0.020929205      0.11347208       1.9569238       3.4045038        3.389492       2.6071038       1.3283818      0.29271781      0.70719122       154.11054       13.909075        1428.764       9.1690456        9.1690456       1442.6731              1428.764                   13.909075
              2       731.39828       68.595009     0.020673136      0.11371969       1.9848513       3.4117942       3.4283364       2.6037537       1.2835668       0.2856216      0.71428963       154.35612       14.730527       1429.7279       9.1690456        9.1690456       1444.4585             1429.7279                   14.730527
              2       730.56209       67.496137     0.020634717      0.11461516       2.0281849       3.3992956       3.3953268       2.6365021       1.1467433      0.29687871       0.7030296       154.14036       14.324973       1428.4611       9.1690456        9.1690456       1442.7861             1428.4611                   14.324973
              4       730.56534       67.551249     0.020568597       0.1146523       2.0102642        3.411873        3.413262       2.5516196       1.1251337      0.29633098      0.70357748       154.21187       14.418977       1428.3736       9.1690456        9.1690456       1442.7926             1428.3736                   14.418977
              2       730.72811       67.294512     0.020502508      0.11461311       1.9854778       3.4445293       3.4085169       2.5616837       1.1364731      0.29836388      0.70154388       154.30593       14.828829       1428.2893       9.1690456        9.1690456       1443.1181             1428.2893                   14.828829
              1       730.55077       67.375799     0.020463157      0.11453058       1.9807266       3.4266509       3.3935519       2.5518951       1.1700697       0.2973759      0.70253209       154.37945       14.309042       1428.4544       9.1690456        9.1690456       1442.7634             1428.4544                   14.309042
              1       730.78028       67.023201     0.020334645      0.11324881       2.0795594       3.2665995       3.3220562       2.5543568       1.2468367      0.29737356      0.70253346       154.92066       13.912998       1429.3095       9.1690456        9.1690456       1443.2225             1429.3095                   13.912998
              3         730.531       67.465364     0.020276929      0.11346878       2.0993709       3.2360568       3.4030675       2.5939894       1.2781311      0.29384488      0.70606335       154.92806       14.117335       1428.6066       9.1690456        9.1690456       1442.7239             1428.6066                   14.117335
              2       730.74857       67.523541     0.019899839      0.11375782       2.0389963       3.2780895       3.3965992       2.4725098       1.4221569      0.29314564      0.70676275       155.32068       14.463524       1428.6955       9.1690456        9.1690456        1443.159             1428.6955                   14.463524
              2       730.98887       67.568793     0.019860297      0.11389228       2.0551321        3.286238       3.3813844       2.4838174       1.4210126      0.29296102      0.70694749       155.33098       14.854645        1428.785       9.1690456        9.1690456       1443.6397              1428.785                   14.854645
              1       730.90723       67.585228     0.019817019      0.11363391       2.0908061       3.2987572       3.3979846       2.4985454       1.4049565      0.29215816      0.70775039       155.46358       14.698907       1428.7775       9.1690456        9.1690456       1443.4764             1428.7775                   14.698907
              8       730.95678       66.381775     0.019405894      0.11380549       2.1383901       3.3581543       3.3516795       2.2877953       1.3989994      0.30230382      0.69760139       155.94121       14.600708       1428.9748       9.1690456        9.1690456       1443.5755             1428.9748                   14.600708
              4       731.58942        67.42466      0.01954069      0.11010037       2.1694959       3.5411075       3.4981125       2.1912877       1.2622436      0.28517079      0.71473733       156.89502       14.317927       1430.5228       9.1690456        9.1690456       1444.8408             1430.5228                   14.317927
              1       730.89386       66.998066     0.019341958      0.11009962       2.1788268       3.5822667       3.4548381       2.1897766       1.2200664      0.28836946      0.71153749       157.15588       14.058399       1429.3912       9.1690456        9.1690456       1443.4496             1429.3912                   14.058399
              1       731.35204       67.358529     0.019272771      0.11020886       2.1970139       3.6398023       3.4380393       2.1543745       1.2984846      0.28537963      0.71452831       157.21314       14.519669       1429.8463       9.1690456        9.1690456        1444.366             1429.8463                   14.519669
              1        731.1877       67.348434       0.0193331      0.11048525       2.2043133       3.6653439       3.4507068        2.150521       1.2815535      0.28620755      0.71370037       157.04833       14.257429       1429.7799       9.1690456        9.1690456       1444.0373             1429.7799                   14.257429
              1       731.88487       67.828604     0.019656286      0.11057194       2.1688794       3.6138866       3.4271825       2.0664105       1.3306652      0.28306055      0.71684866       156.59918       15.204621        1430.227       9.1690456        9.1690456       1445.4317              1430.227                   15.204621
              2       730.56393       66.753905     0.019548622      0.11107537       2.1304946       3.5575013       3.4112074       1.9970812       1.2924146       0.2931363      0.70676997       156.58497       14.138633       1428.6511       9.1690456        9.1690456       1442.7898             1428.6511                   14.138633
              1       730.51221       66.692863     0.019522947      0.11107466       2.1037166       3.5520533       3.3876074       2.0201795       1.3203946      0.29361381      0.70629228       156.61864       13.976548       1428.7098       9.1690456        9.1690456       1442.6863             1428.7098                   13.976548
              1       730.80914        66.78148     0.019490514      0.11121382       2.1181986       3.5836066       3.3437018       1.9991252       1.3194084      0.29307443      0.70683191       156.61829       14.207104       1429.0731       9.1690456        9.1690456       1443.2802             1429.0731                   14.207104
              1       730.93655       66.654927     0.019566674       0.1111368       2.1397502       3.5642808        3.315172       2.0220169       1.2982943      0.29418642      0.70571957       156.54266       14.150197       1429.3848       9.1690456        9.1690456        1443.535             1429.3848                   14.150197
              1       730.85527       66.000899     0.019468982      0.11043945       2.2627294       3.5290977       3.3212498       1.9783253       1.4259286      0.29822059      0.70168353       156.88429       14.023365       1429.3491       9.1690456        9.1690456       1443.3724             1429.3491                   14.023365
              1       731.00214       65.792524     0.019495248      0.10969879       2.2315376       3.5578079       3.3118869        1.958016       1.4084793      0.29846222      0.70144129       157.07863       14.148186        1429.518       9.1690456        9.1690456       1443.6662              1429.518                   14.148186
              1       731.38181       65.691118     0.019341741      0.10877897       2.1952754       3.6184436       3.2417839       1.9684103       1.3283608      0.29689716      0.70300604       157.56683       13.554825       1430.8707       9.1690456        9.1690456       1444.4255             1430.8707                   13.554825
              5       730.70895       66.021575     0.019299445      0.10774432       2.1337844       3.5521692       3.3032229       1.9066946       1.3678758      0.29146176      0.70844242        157.9475        13.52609       1429.5537       9.1690456        9.1690456       1443.0798             1429.5537                    13.52609
              4       730.71732       66.028386     0.019327257      0.10772951       2.1350642       3.5617706        3.301196       1.8955531       1.3705835      0.29143148      0.70847272       157.91522       13.517031       1429.5795       9.1690456        9.1690456       1443.0965             1429.5795                   13.517031
              5        730.9573       65.447376     0.019203253      0.10737237       2.1192885       3.5449607       3.2798673       1.8624879       1.3677546      0.29550551      0.70439697       158.19305       13.600742       1429.9758       9.1690456        9.1690456       1443.5765             1429.9758                   13.600742
              2       731.47305       65.248413     0.018549239       0.1092206       2.0790115       3.5186157       3.4156939       1.9359004       1.1274145      0.30011552      0.69978637       158.48763       16.448716       1428.1593       9.1690456        9.1690456        1444.608             1428.1593                   16.448716
              1       730.88417       65.543891     0.018020389      0.10906589       2.1385159       3.6816982       3.3380493       2.0756982       1.0596746      0.29582455      0.70407822       159.25782       14.339167       1429.0911       9.1690456        9.1690456       1443.4302             1429.0911                   14.339167
              3       730.97533       65.575713     0.018010959      0.10909518       2.1377322       3.6767471        3.334811       2.0738574       1.0558777      0.29558372      0.70431915       159.26145       14.479021       1429.1336       9.1690456        9.1690456       1443.6126             1429.1336                   14.479021
              3       734.27151       65.767072     0.017996339      0.10801929        2.121645       3.6569208        3.228202       2.0547169       1.1223138      0.29134489      0.70855854       159.62587       19.408938        1430.796       9.1690456        9.1690456       1450.2049              1430.796                   19.408938
              1       731.08235       64.866647     0.018178532      0.10803817       2.1606943       3.6463091       3.2938994       2.0316521       1.2108787      0.29996732      0.69993341       159.36875       13.873069       1429.9535       9.1690456        9.1690456       1443.8266             1429.9535                   13.873069
              1       731.25916        65.03425       0.0178766      0.10743895       2.2696909       3.5926708       3.2850773       2.0408384       1.2526618      0.29629253      0.70360871       159.97889       14.261198        1429.919       9.1690456        9.1690456       1444.1802              1429.919                   14.261198
              8       730.81747       64.636958      0.01779035      0.10690036       2.2052858       3.5223425       3.3257479       2.0106215        1.215064      0.29845049      0.70144954       160.27371       14.010075       1429.2868       9.1690456        9.1690456       1443.2969             1429.2868                   14.010075
              2       731.00002        64.55733     0.017035539      0.10386836       1.7994065       3.6747662       3.3436556       1.6141512       1.0335131      0.29010097      0.70979881       162.35116       14.438718       1429.2232       9.1690456        9.1690456       1443.6619             1429.2232                   14.438718
              3       730.89896        63.98961     0.016853286      0.10349787       1.8271727       3.6284804       3.3898636       1.6058046       1.1039199      0.29392149       0.7059765        162.7415       14.783092       1428.6767       9.1690456        9.1690456       1443.4598             1428.6767                   14.783092
              1       731.92251       63.758803     0.016056519      0.10640937       1.9403887       3.7030802       3.5149725       1.5523769      0.92530288      0.30125538      0.69864187       162.93131       17.890409       1427.6165       9.1690456        9.1690456       1445.5069             1427.6165                   17.890409
              1        731.8602       64.483261     0.016078369      0.10675047       1.8340679       3.7352651       3.5439627       1.4000475      0.89853824       0.2953972      0.70450235       162.78442       16.749078       1428.6332       9.1690456        9.1690456       1445.3823             1428.6332                   16.749078
              1       731.74205       64.748489     0.016053728      0.10744063        1.888501       3.7289643       3.5461947       1.4108651      0.77309376      0.29456955      0.70533082       162.59004        16.34095       1428.8051       9.1690456        9.1690456        1445.146             1428.8051                    16.34095
              4       731.23729       64.023958     0.015850639      0.10680099       1.8801322       3.7063846       3.4270816       1.3471222       0.7169027      0.29921839      0.70067971       163.10579        16.12988       1428.0066       9.1690456        9.1690456       1444.1365             1428.0066                    16.12988
              1       731.17819       64.533695     0.016262155      0.10559437       1.8732854       3.7235458       3.4016047       1.3662711      0.64967913      0.29260096      0.70729875       162.90126       15.386225       1428.6321       9.1690456        9.1690456       1444.0183             1428.6321                   15.386225
              4       730.95622       64.386496     0.016210135       0.1054624       1.8277205       3.7080279       3.4307466       1.3940051      0.62435905      0.29349652      0.70640272       163.02273       15.070594       1428.5038       9.1690456        9.1690456       1443.5744             1428.5038                   15.070594
              4       732.03972        65.11908      0.01639373      0.10601424       1.7699238       3.7863764       3.4055901       1.4087811      0.66272954      0.28866438      0.71123712       162.56634       16.659991       1429.0814       9.1690456        9.1690456       1445.7414             1429.0814                   16.659991
              1       732.50753        65.45189     0.016342293      0.10773766       1.8864578       3.7923699       3.3910486       1.5448204      0.48004523      0.28963913      0.71026337       162.06741        17.13863       1429.5383       9.1690456        9.1690456        1446.677             1429.5383                    17.13863
              4       731.31095       65.011131     0.016517148      0.10769674       1.8957306        3.753032       3.3948361       1.5573708      0.44304015       0.2938967      0.70600448       161.82625       14.984251       1429.2996       9.1690456        9.1690456       1444.2838             1429.2996                   14.984251
              3       730.70742       64.406104     0.016525057      0.10871338       1.8052689        3.763387       3.3749605       1.6330336      0.49796507      0.30191423      0.69798507       161.48026       14.343659       1428.7331       9.1690456        9.1690456       1443.0768             1428.7331                   14.343659
             10        730.7103       64.678176     0.016468413      0.10911982       1.8229752       3.7123286       3.4367513       1.6437485      0.49999858      0.30021572      0.69968443        161.4291       14.964044       1428.1185       9.1690456        9.1690456       1443.0825             1428.1185                   14.964044
              3       730.65921       65.120596     0.016813909      0.10946338       1.7586641       3.7214105       3.4124492       1.7001358      0.56529069      0.29777519      0.70212631       160.82061       14.693706       1428.2866       9.1690456        9.1690456       1442.9803             1428.2866                   14.693706
              3       730.64498       65.063504     0.016808614      0.10954165       1.7556703       3.7242943        3.407342       1.6950144      0.56732582      0.29847039      0.70143094       160.80279       14.672111       1428.2797       9.1690456        9.1690456       1442.9519             1428.2797                   14.672111
              4       731.71302       65.666669     0.016935699      0.10917342       1.7355886        3.784027       3.3729823       1.6109223      0.50285728      0.29245329      0.70744984         160.741       15.944178       1429.1438       9.1690456        9.1690456        1445.088             1429.1438                   15.944178
              2       730.91421       64.518942     0.016679454      0.11028302       1.7232146       3.7618282       3.4245969       1.6352966      0.50931232      0.30500074      0.69489892       160.74738       15.460592       1428.0297       9.1690456        9.1690456       1443.4903             1428.0297                   15.460592
              1       731.64224       65.147147     0.016751115      0.11122981       1.7520074       3.6661427       3.3635839       1.6452407      0.49129802      0.30154661      0.69835498        160.3405       16.068908       1428.8775       9.1690456        9.1690456       1444.9464             1428.8775                   16.068908
              1       731.60931       65.142166     0.016942597       0.1118189       1.6776096       3.7004113       3.3932752       1.5458666      0.42745574      0.30343218      0.69646939       159.88143       16.047782       1428.8328       9.1690456        9.1690456       1444.8805             1428.8328                   16.047782
              1        731.6075       65.806816      0.01697648      0.11218327       1.6117147       3.7106861       3.4449578       1.5683548      0.54318685      0.29825342      0.70165013       159.71802       16.768313       1428.1086       9.1690456        9.1690456       1444.8769             1428.1086                   16.768313
              2       731.11904       65.313411     0.016952235      0.11244777       1.5901901       3.7250397       3.4463208       1.5720379      0.54807719      0.30333991      0.69656217       159.66828       16.138326       1427.7617       9.1690456        9.1690456          1443.9             1427.7617                   16.138326
              7       731.23596        65.46636     0.016922133       0.1124276       1.5458762       3.7069271       3.4957234       1.5751433      0.53872983      0.30180688      0.69809566       159.71699        16.51606       1427.6178       9.1690456        9.1690456       1444.1338             1427.6178                    16.51606
              1       733.41884        64.78672     0.017378247      0.11478577       1.4287395       3.7926884       3.5090859       1.6008051      0.91236428      0.31487721      0.68502328       158.34504       21.537274       1426.9623       9.1690456        9.1690456       1448.4996             1426.9623                   21.537274
              7       732.75778       64.852891     0.017622683      0.11419402       1.5299379       3.7991813       3.4014415       1.5696043      0.95398915      0.31340922      0.68649147        158.1932       18.462651       1428.7148       9.1690456        9.1690456       1447.1775             1428.7148                   18.462651
              2       732.66198       65.254891     0.017886813      0.11507472       1.6158072       3.8221511        3.489827       1.6630449       1.1125318      0.31224815      0.68765376       157.56375       19.787333       1427.1985       9.1690456        9.1690456       1446.9859             1427.1985                   19.787333
              5       732.04539       65.566259     0.017101075      0.11638741       1.4968127       3.9782174        3.490673       1.6858868        1.205069      0.31051529      0.68938754       158.23286       18.557496       1427.1952       9.1690456        9.1690456       1445.7527             1427.1952                   18.557496
              3       732.12887       66.367057     0.017073053      0.11730615       1.5157129       3.9170565       3.6456375       1.8310072       1.2103446      0.30508928      0.69481589       157.99017       18.398807       1427.5208       9.1690456        9.1690456       1445.9196             1427.5208                   18.398807
              1        732.8393       66.381124     0.017174947      0.11696892       1.6667049         4.05248       3.7009411       1.8303252       1.2597404      0.30442592      0.69547929       157.95326       19.094749       1428.2458       9.1690456        9.1690456       1447.3405             1428.2458                   19.094749
              3       732.13005       67.096657     0.017572888      0.11654316       1.7560931       3.9803306       3.6263367       1.8680828       1.1460406      0.29790582       0.7020014       157.54044       16.959593       1428.9624       9.1690456        9.1690456        1445.922             1428.9624                   16.959593
              1       732.29116       67.234135     0.017644531      0.11648107       1.7324111       3.9938935       3.6305898       1.8698808       1.1554595       0.2967099      0.70319769       157.46228       16.907688       1429.3365       9.1690456        9.1690456       1446.2442             1429.3365                   16.907688
              2       732.93127       67.579958     0.017674246       0.1165079       1.6855724       4.0105583       3.6126118       1.9163395       1.2027226       0.2938048      0.70610375       157.41394       17.649418        1429.875       9.1690456        9.1690456       1447.5244              1429.875                   17.649418
              4       732.95165       67.786957     0.018020398       0.1170738       1.7901204       4.1182261       3.5586709       1.8751469       1.2458027      0.29399804      0.70591106       156.77797       18.447347       1429.1179       9.1690456        9.1690456       1447.5652             1429.1179                   18.447347
              2       732.73683       67.752928     0.017959437      0.11800022       1.7911424       4.0574115        3.607159       1.8224453       1.3399982      0.29617876      0.70373025       156.58122       17.985625       1429.1499       9.1690456        9.1690456       1447.1356             1429.1499                   17.985625
              2       732.12683       67.507358     0.018023798      0.11843417         1.81163       4.0251418       3.5767728        1.829948       1.2953271      0.29943094      0.70047741       156.36603       17.791634       1428.1239       9.1690456        9.1690456       1445.9156             1428.1239                   17.791634
              1       732.45554       67.223473     0.017761533       0.1185062       1.7998401       3.9979349       3.5340864        1.809323       1.3157641      0.30154431      0.69836326       156.69403       18.965987        1427.607       9.1690456        9.1690456        1446.573              1427.607                   18.965987
              3        731.4892       66.514941     0.017778988       0.1178804       1.8026693       3.9901586       3.5542043       1.8002398        1.288421      0.30662773      0.69327786       156.85828       17.628149       1427.0122       9.1690456        9.1690456       1444.6403             1427.0122                   17.628149
              1       732.03651       66.536926     0.017728927      0.11812136       1.8502866       3.9430902       3.6274638       1.7754986       1.3044582      0.30685634      0.69304932       156.85304       18.649026       1427.0859       9.1690456        9.1690456       1445.7349             1427.0859                   18.649026
              2        731.7894       66.936961     0.017497633       0.1172609       1.9490471       3.8701654       3.6241521        2.070949       1.3117008      0.30076291      0.69914387       157.42448        16.99778       1428.2429       9.1690456        9.1690456       1445.2407             1428.2429                    16.99778
              1       732.28087       66.906515     0.017334663      0.11749209        1.960924       3.8902454       3.6833098       2.1348756       1.3188617      0.30118911      0.69871758       157.57576        17.36063        1428.863       9.1690456        9.1690456       1446.2236              1428.863                    17.36063
              6       731.53981       66.802103     0.017540385      0.11890403       2.0275818       3.8809867       3.6254597       2.1993332       1.1966709      0.30575635      0.69415005       156.87168       17.478015       1427.2635       9.1690456        9.1690456       1444.7415             1427.2635                   17.478015
              1       730.84723       66.583559     0.017418031      0.11755711       2.3724373       3.9466566       3.5307022       2.4631062      0.80315927      0.30445265      0.69545313        157.4427       16.143487       1427.2129       9.1690456        9.1690456       1443.3564             1427.2129                   16.143487
              1       730.93636       66.527052     0.017819994      0.11916782       2.4851172       3.8551169       3.5173932       2.4870371       0.8371713      0.30951763      0.69038799       156.41858       16.603189       1426.9314       9.1690456        9.1690456       1443.5346             1426.9314                   16.603189
              2       730.94165        66.46872     0.017841976      0.11916553       2.4712134       3.8461272       3.5089678       2.4883725      0.82605343      0.31010569      0.68979977       156.38998       16.572428       1426.9728       9.1690456        9.1690456       1443.5452             1426.9728                   16.572428
              3        731.6696       66.883382       0.0180944      0.11906267       2.4773186       3.9549005       3.4181655       2.4325186      0.82647919      0.30660678      0.69329985       156.08571       17.001757       1427.9994       9.1690456        9.1690456       1445.0011             1427.9994                   17.001757
